
 -5.41

-10.91

 -8.21

 -3.41

 -6.90

 -5.40

-10.58

 -6.71

 -9.00

 -8.81

 -4.41

 -6.71

 -6.04

 -7.70

 -6.60

 -5.10

 -5.80

 -5.61

 -3.24

-11.34

 -3.70

 -8.84

 -8.51

 -4.80

 -5.41

 -5.60

-11.10

 -9.73

 -3.15

 -5.31

 -6.90

 -3.71

 -6.21

 -9.10

 -8.93

 -3.91

 -3.91

 -7.31

 -4.51

 -3.70

 -5.84

 -6.11

 -4.61

 -4.71

 -6.76

 -4.20

-12.00

 -4.80

 -5.71

 -8.01

 -4.06

 -8.50

 -5.70

 -3.90

 -3.20

 -6.01

 -7.50

-10.00

 -4.80

 -2.51

 -3.00

 -5.90

 -7.20

 -3.11

 -3.00

 -6.61

 -4.35

 -5.30

 -5.14

 -5.60

 -7.00

 -9.40

 -3.60

 -4.20

 -3.36

 -6.91

 -4.70

 -6.64

 -1.85

 -3.65

 -5.84

 -3.71

 -2.71

-12.21

 -2.48

 -6.64

 -7.51

 -7.71

 -5.84

 -4.24

 -7.40

 -6.20

 -7.25

 -2.01

-11.05

 -6.00

-19.31

 -3.00

 -3.04

 -5.00
