
-19.20

-18.00

-17.30

-13.40

-18.20

-16.90

-15.30

-24.80

-26.00

-21.80

 -9.10

-15.00

-21.00

-22.30

-22.90

-21.20

-22.50

-16.80

-11.90

-16.80

 -9.80

-23.60

-10.40

-12.10

-21.20

-18.90

-18.40

-26.80

-12.90

-18.90

-16.80

-10.37

-20.80

-24.20

-14.30

-14.30

-22.50

-21.90

-16.04

-16.70

-23.50

-30.10

-22.50

-33.30

-18.90

-25.50

-21.30

-34.30

-16.00

-19.70

-10.80

-22.30

-11.10

-26.90

-16.00

-22.10

-11.90

-24.00

-27.10

-21.80

-16.00

-18.80

-11.80

-31.20

-19.00

-14.90

-17.10

-18.20

-18.20

-24.70

-24.30

-18.60

-28.50

-15.32

-23.10

-23.40

 -9.50

-11.00

-12.70

-24.90

-25.70

-14.80

-25.90

-23.80

-12.14

-21.90

-23.00

-20.11

-22.10

-23.90

-19.60

-28.60

 -8.90

-14.20

-17.94

-18.00

-27.00

-14.20

 -8.30

 -8.30

 -8.90

-24.90

-17.70

-19.40

-23.50

-17.70

-18.80

-24.10

-20.90

-24.10

-22.10
