
 -6.40

-10.50

 -6.00

 -4.60

 -8.70

 -3.20

 -5.70

 -5.70

 -6.70

 -7.10

-10.40

 -7.00

 -6.20

 -9.20

 -7.20

 -6.50

-10.60

-11.00

 -7.60

 -7.90

-12.00

 -5.50

-11.00

-11.70

 -5.60

 -7.30

 -8.00

 -9.70

 -8.40

 -8.30

-12.50

 -7.00

 -4.80

-10.60

 -6.30

 -5.90

-10.80

 -5.60

 -7.40

 -8.30

 -4.50

 -5.50

 -9.10

 -7.00

 -4.40

 -9.10

 -5.60

 -2.40

 -6.80

 -9.80

 -7.00

 -5.90

 -5.10

 -9.40

 -5.70

 -8.30

 -6.90

-10.60

 -8.10

 -6.50

 -4.60

 -9.30

-10.00

 -8.00

 -6.70

 -7.80

 -8.30

 -8.50

 -9.30

-10.20

 -4.70

-15.60

 -7.50

-10.90

 -5.00

-10.30

 -5.50

 -7.60

-13.20

 -5.90

 -3.60

 -4.50

 -7.60

 -6.50

 -6.20

-10.00

 -5.80

-10.70

 -7.20

 -9.10

 -5.60

 -9.20

 -5.00

 -7.70

-10.20

-13.10

 -9.40

 -5.50

 -5.30

-10.70
