
 -3.21

 -5.30

 -4.00

  0.00

 -4.80

 -4.01

 -2.85

 -4.81

 -3.61

 -5.10

 -3.21

 -2.71

 -3.80

 -5.51

 -7.90

 -9.10

-12.91

 -5.90

 -7.01

 -4.40

 -6.01

 -9.11

 -5.10

 -7.31

 -5.75

 -2.61

 -6.28

 -9.30

 -8.30

-12.41

 -5.91

 -5.11

 -8.00

 -6.61

 -7.20

 -4.31

-12.31

 -3.61

 -6.99

 -4.50

 -3.62

 -3.80

 -5.71

 -5.50

 -3.60

 -7.20

-15.41

 -3.13

 -3.11

 -5.05

 -7.01

 -5.40

 -6.60

 -4.60

 -5.90

 -5.73

 -2.31

 -3.70

 -7.20

 -9.10

 -7.01

-19.42

 -8.66

 -2.31

 -9.13

 -3.21

 -3.11

 -6.11

 -9.33

 -9.60

 -5.10

 -8.61

 -3.53

 -5.29

 -6.51

 -8.91

 -7.13

-11.10

 -6.52

 -3.81

 -4.80

 -6.90

 -3.60

 -7.66

 -5.71

 -4.09

 -3.20

 -3.81

 -3.51

 -3.70

 -3.51

 -4.39

 -4.71

 -5.71

 -9.11

 -8.20

 -5.96

 -5.00

 -4.68

 -2.51
