
-16.00

-19.10

-19.70

-18.80

-17.90

-18.80

-18.40

-17.60

-19.40

-20.10

-16.40

-25.30

-16.10

-16.40

-18.70

-18.20

-14.60

-16.80

-17.10

-20.70

-17.00

-26.90

-15.80

-18.70

-22.30

-20.00

-19.30

-16.50

-18.20

-18.40

-18.90

-19.20

-16.70

-17.40

-18.70

-17.00

-16.00

-20.20

-17.60

-16.30

-19.80

-14.20

-14.10

-20.10

-14.50

-18.40

-18.80

-16.20

-21.50

-23.30

-17.70

-17.60

-20.70

-25.50

-20.40

-23.90

-21.10

-19.50

-17.80

-18.90

-24.10

-17.10

-16.20

-22.90

-16.00

-12.70

-19.90

-18.40

-18.80

-14.40

-20.20

-18.50

-19.50

-16.80

-18.50

-17.70

-18.70

-19.80

-19.00

-18.00

-16.80

-19.60

-16.20

-14.10

-25.30

-13.90

-16.00

-16.90

-20.40

-16.50

-18.40

-23.00

-18.30

-15.70

-14.70

-17.90

-13.90

-18.50

-17.70

-20.40

-14.60

-16.80

-16.80

-16.80

-16.80

-17.00

-17.90

-14.50

-16.60

-13.70

-14.60
