
-39.35

-39.35

-38.55

-39.35

-39.35

-36.65

-39.75

-32.61

-39.35

-39.35

-35.45

-32.95

-38.55

-38.75

-34.45

-39.35

-33.55

-39.35

-34.65

-35.45

-38.35

-37.85

-39.35

-38.35

-39.35

-34.94

-36.75

-33.25

-39.35

-39.35

-34.45

-37.45

-34.45

-34.85

-39.35

-39.35

-39.35

-35.15

-39.35

-37.85

-34.45

-39.35

-36.75

-39.35

-39.35

-35.75

-38.55

-38.95

-39.35

-39.75

-34.81

-34.15

-36.95

-33.55

-37.65

-40.25

-39.35

-39.35

-36.95

-37.15

-38.15

-39.35

-39.35

-36.75

-39.35

-39.35

-34.91

-33.41

-35.95

-34.45

-33.46

-31.95

-38.55

-39.35

-39.75

-38.55

-38.55

-39.35

-33.35

-37.25

-37.85

-39.35

-39.35

-39.35

-37.15

-39.35

-39.35

-39.35

-32.25

-38.55

-39.35

-38.55

-39.35

-33.25

-39.35

-37.35

-37.35

-33.55

-40.05

-35.35

-39.35

-37.05

-39.35

-39.35

-36.14

-39.35

-39.35

-38.55

-34.91

-35.55

-39.35

-37.05

-39.35

-33.55

-39.35

-34.91

-39.35

-39.35

-34.75

-33.35

-38.55

-39.35

-32.45

-34.05

-39.35

-35.34

-39.35

-29.70

-34.91

-37.05

-39.35

-39.35

-39.35

-39.35

-37.85

-37.15

-39.35

-39.35

-39.25

-39.35

-39.35

-37.85

-35.55

-33.95

-39.35

-39.35

-33.15

-39.35

-38.05

-39.35

-39.35

-39.35

-40.25

-38.35

-29.55

-39.35

-36.75

-39.35

-39.75

-39.75

-39.35

-39.35

-35.15

-37.05

-36.55

-38.35

-34.45

-33.25

-40.15

-39.35

-38.05

-39.35

-39.35

-39.35

-39.35

-40.15

-36.25

-33.45

-35.15

-39.35

-40.55

-39.35

-39.35

-39.35

-39.35

-36.75

-39.35

-39.35

-37.05

-37.55

-34.45

-38.95

-37.85

-36.95

-38.15

-39.35

-37.55

-39.35

-38.35

-35.71

-37.05

-39.35

-39.35

-39.05

-39.35

-39.35

-33.55

-39.35

-35.15

-39.35

-39.35

-39.35

-39.35

-39.35

-34.45

-34.91

-37.25

-38.25

-32.61

-39.35

-30.55

-37.85

-29.45

-33.30

-37.85

-31.95

-39.35

-37.85

-36.05

-35.55

-39.35

-36.75

-36.05

-37.85

-33.30

-39.25

-39.35

-39.35

-37.15

-39.35

-37.25

-37.05

-35.15

-38.35

-38.15

-39.35

-37.05

-38.35

-39.35

-39.35

-38.45

-36.55

-36.14

-36.75

-36.55

-39.35

-34.85

-36.75

-39.35

-39.35

-37.65

-39.35

-39.35

-37.15

-34.05

-35.24

-33.55

-39.35

-39.35

-36.95

-36.25

-37.75

-37.25

-39.35

-39.35

-39.35

-39.35

-34.05

-39.35

-33.25

-37.85

-39.35

-39.35

-39.35

-39.35

-39.35

-39.35

-34.91

-40.15

-39.35

-34.15

-36.95

-37.85

-36.14

-39.35

-39.35

-39.35

-35.75

-37.05

-37.85

-32.45

-34.75

-39.35

-34.91

-37.85

-34.95

-37.05

-39.35

-37.05

-39.35

-39.25

-35.34

-34.45

-37.25

-34.55

-34.45

-39.35

-39.35

-36.65

-36.14

-35.95

-39.35

-37.85

-37.05

-38.55

-39.35

-37.85

-39.25

-38.35

-36.95

-39.35

-38.55

-39.35

-33.30

-39.35

-40.25

-39.35

-39.35

-32.45

-34.91

-39.35

-39.35

-33.25

-34.91

-34.30

-36.14

-39.35

-38.55

-39.35

-34.81

-31.15

-39.35

-35.15

-37.25

-37.85

-39.35

-35.95

-34.45

-39.35

-39.35

-39.35

-34.91

-38.55

-38.55

-39.35

-37.65

-39.35

-39.35

-35.15

-39.35

-38.15

-39.35

-33.65

-37.85

-39.35

-36.75

-39.35

-39.35

-39.35

-39.35

-39.35

-36.75

-33.71

-37.05

-39.35

-37.25

-36.14

-34.65

-39.35

-39.35

-34.11

-37.85

-39.35

-37.25

-36.65

-33.25

-37.75

-37.15

-35.45

-39.35

-39.35

-39.35

-39.35

-39.35

-36.15

-31.15

-39.35

-39.35

-37.45

-39.35

-39.35

-34.65

-39.35

-38.35

-34.91

-37.85

-39.35

-39.35

-31.75

-40.25

-34.11

-39.75

-34.45

-39.35

-35.95

-39.35

-38.55

-37.05

-39.35

-34.85

-36.75

-36.14

-32.45

-35.35

-34.25

-39.35

-39.35

-39.35

-35.15

-39.35

-39.35

-39.35

-34.75

-39.35

-39.35

-39.35

-39.35

-36.55

-39.35

-37.05

-39.75

-37.25

-39.35

-39.35

-36.75

-39.35

-40.15

-39.35

-39.35

-36.55

-39.35

-37.65

-39.35

-36.55

-39.35

-35.25

-33.55

-35.95

-32.15

-39.35

-39.75

-38.55

-39.35

-38.55

-36.95

-39.35

-39.35

-34.15

-37.05

-39.35

-34.45

-36.95

-39.35

-39.35

-39.75

-35.71

-39.35

-40.25

-35.75

-37.05

-39.35

-38.55

-37.85

-38.35

-35.65

-34.91

-38.35

-39.35

-32.95

-33.55

-39.35

-34.65

-35.75

-38.55

-39.35

-36.95

-34.45

-39.35

-39.35

-39.35

-39.35

-39.35

-38.15

-39.35

-39.35

-37.05

-39.35

-35.95

-39.35

-34.45

-36.55

-39.35

-33.25

-36.95

-39.35

-39.35

-38.55

-39.35

-34.45

-39.35

-38.55

-35.75

-39.35

-34.81

-38.75

-37.15

-36.65

-39.35

-39.35

-39.35

-39.35

-37.85

-39.35

-37.85

-37.05

-39.35

-37.05

-40.15

-36.95

-34.91

-37.15

-35.15

-38.55

-34.91

-39.35

-39.35

-39.35

-35.15

-39.35

-36.75

-39.35

-39.35

-38.55

-39.35

-39.35

-34.91

-38.55

-39.35

-34.91

-38.55

-39.35

-39.35

-38.55

-39.35

-37.05

-38.45

-39.35

-36.94

-34.11

-32.50

-39.35

-39.35

-36.55

-39.35

-39.75

-39.35

-38.55

-37.25

-39.35

-39.35

-39.35

-36.14

-39.35

-39.75

-35.55

-39.35

-35.95

-32.95

-36.05

-40.25

-39.75

-39.35

-39.35

-39.35

-35.34

-35.55

-37.05

-35.15

-36.55

-36.25

-39.35

-31.05

-34.91

-35.55

-39.35

-39.35

-39.35

-39.35

-39.35

-35.31

-33.55

-37.85

-39.35

-38.65

-38.35

-39.35

-36.85

-39.35

-35.95

-34.35

-34.45

-34.14

-37.85

-39.35

-39.35

-39.35

-34.95

-39.35

-39.35

-39.35

-38.55

-30.95

-37.05

-32.60

-39.35

-39.35

-39.35

-39.35

-29.95

-39.35

-39.35

-39.35

-34.95

-36.55

-39.35

-34.91

-38.55

-39.35

-39.35

-40.15

-39.35

-36.95

-39.35

-38.35

-39.35

-39.35

-39.35

-35.85

-39.35

-39.35

-34.95

-38.15

-36.75

-33.25

-38.55

-36.75

-34.35

-36.95

-40.15

-38.55

-36.75

-39.35

-39.35

-39.35

-39.35

-37.05

-38.55

-38.55

-36.55

-37.35

-33.25

-37.05

-39.35

-38.55

-33.25

-34.45

-36.45

-34.11

-34.15

-39.35

-32.35

-36.14

-34.45

-37.25

-37.35

-38.55

-39.35

-39.35

-34.91

-36.85

-39.35

-39.35

-39.35

-36.05

-32.34

-39.35

-35.55

-39.35

-38.35

-35.95

-39.35

-37.95

-36.95

-37.05

-39.35

-39.35

-39.35

-39.35

-35.15

-35.15

-39.35

-38.55

-33.15

-35.65

-39.35

-38.55

-39.35

-37.05

-39.35

-39.35

-40.15

-36.95

-39.35

-39.35

-36.75

-37.85

-39.35

-32.21

-39.35

-38.75

-39.35

-38.55

-36.75

-39.35

-38.15

-36.95

-39.35

-39.35

-39.35

-36.14

-37.05

-30.95

-34.65

-39.35

-39.35

-39.35

-37.25

-39.35

-39.35

-39.35

-39.35

-38.55

-39.35

-36.75

-39.35

-35.75

-38.35

-39.35

-39.35

-39.35

-37.05

-36.75

-39.35

-39.35

-39.35

-39.35

-37.55

-37.05

-31.80

-37.15

-37.85

-38.15

-37.85

-34.91

-37.05

-39.35

-37.55

-36.15

-38.55

-36.95

-39.35

-33.15

-32.85

-36.05

-38.55

-38.25

-37.05

-35.71

-32.25

-39.35

-38.05

-37.05

-34.91

-39.35

-37.05

-39.35

-34.91

-32.95

-32.25

-38.55

-39.35

-37.45

-37.05

-35.55

-34.35

-39.35

-39.35

-37.05

-36.55

-39.35

-34.45

-37.85

-39.35

-39.35

-39.35

-39.35

-40.25

-34.45

-39.35

-40.55

-33.35

-39.35

-40.15

-39.35

-33.65

-39.35

-39.35

-39.35

-39.35

-34.45

-39.35

-39.35

-37.05

-38.55

-34.55

-39.75

-37.15

-38.35

-39.35

-34.65

-37.55

-34.45

-37.15

-33.25

-35.15

-39.35

-37.85

-38.35

-37.85

-39.35

-39.35

-39.35

-37.05

-40.15

-37.45

-39.35

-38.55

-39.35

-39.35

-37.55

-39.35

-35.55

-39.35

-30.85

-39.35

-38.55

-39.35

-39.35

-34.45

-40.25

-39.35

-35.95

-37.55

-40.15

-34.91

-39.35

-38.15

-39.35

-38.55

-39.35

-39.35

-39.35

-36.95

-39.35

-39.35

-39.35

-36.95

-37.05

-39.35

-36.14

-39.35

-39.75

-33.21

-39.35

-39.35

-37.35

-38.15

-38.55

-38.55

-34.74

-39.35

-39.35

-35.95

-38.55

-32.45

-35.55

-34.85

-39.35

-39.35

-37.75

-38.55

-34.45

-39.35

-39.35

-37.85

-39.35

-33.25

-35.34

-39.35

-35.15

-39.35

-32.75

-39.35

-39.75

-39.35

-39.35

-37.25

-39.35

-39.35

-34.55

-36.95

-39.35

-37.55

-31.80

-34.41

-35.81

-39.35

-39.35

-37.85

-39.35

-39.35

-37.05

-37.85

-39.35

-39.35

-37.05

-37.05

-39.35

-36.75

-37.85

-38.55

-39.35

-39.35

-33.55

-39.35

-36.14

-37.05

-34.65

-39.35

-38.55

-35.34

-37.85

-36.45

-39.35

-39.75

-39.35

-39.35

-38.55

-39.35

-37.85

-40.15

-34.81

-33.35

-38.55

-33.30

-32.95

-36.75

-40.15

-36.14

-37.25

-39.35

-34.91

-39.35

-39.35

-39.35

-37.55

-33.95

-39.35

-36.55

-34.91

-36.65

-33.15

-37.25

-38.35

-32.05

-39.35

-36.85

-39.35

-39.35

-39.35

-39.35

-32.64

-37.55

-39.35

-37.05

-37.55

-37.85

-37.85

-37.05

-33.30

-39.75

-39.35

-39.35

-39.35

-39.35

-39.35

-40.15

-37.25

-39.35

-37.05

-39.35

-30.40

-32.01

-39.35

-39.35

-36.75

-37.35

-37.05

-39.35

-36.14

-38.45

-39.35

-39.35

-39.35

-36.85

-39.35

-38.55

-37.05

-38.55

-34.45

-33.14

-39.35

-35.95

-34.15

-39.35

-36.75

-39.35

-39.35

-39.35

-39.35

-39.35

-37.05

-38.55

-39.35

-39.35

-37.35

-39.35

-39.35

-36.14

-39.35

-39.75

-34.75

-38.35

-39.35

-39.35

-31.10

-39.35

-33.15

-31.64

-39.35

-39.35

-39.35

-39.35

-38.35

-38.35

-38.55

-39.35

-39.35

-39.35

-39.35

-38.55

-39.35

-34.45

-38.35

-40.15

-39.35

-39.35

-39.35

-39.35

-34.91

-36.55

-35.25

-39.35

-34.91

-39.35

-34.91

-36.95

-39.35

-37.15

-39.35

-36.75

-39.35

-38.55

-39.35

-33.25

-34.55

-38.35

-39.35

-39.35

-35.55

-39.35

-38.15

-39.35

-39.35

-39.35

-37.05

-39.35

-39.35

-37.05

-38.55

-37.05

-38.55

-39.35

-39.35

-38.35

-37.05

-35.75

-39.35

-36.75

-39.35

-37.65

-39.35

-36.95

-36.65

-39.35

-33.25

-34.91

-37.05

-34.10

-35.55

-39.35

-40.15

-39.35

-37.15

-36.54

-39.35

-39.35

-39.35

-39.35

-34.91

-33.25

-33.55

-35.45

-35.45

-40.15

-39.35

-36.55

-39.35

-39.35

-39.35

-40.15

-40.15

-34.65

-36.14

-39.35

-39.35

-39.35

-39.35

-39.35

-36.55

-33.45

-32.25

-34.91

-35.55

-39.35

-36.25

-35.55

-35.15

-36.25

-34.05

-39.35

-37.25

-34.05

-37.15

-39.35

-37.05

-36.25

-36.55

-39.35

-35.95

-33.84

-39.35

-39.35

-37.55

-37.05

-38.55

-36.15

-29.85

-37.25

-39.35

-37.85

-39.35

-39.35

-39.35

-39.35

-35.15

-33.25

-34.45

-39.35

-34.91

-39.35

-38.15

-33.50

-35.55

-39.35

-39.35

-39.35

-36.75

-39.35

-38.55

-39.35

-39.35

-37.15

-33.85

-39.35

-39.35

-40.15

-35.55

-36.75

-38.55

-38.55

-34.45

-39.35

-34.85

-36.75

-31.00

-36.14

-39.35

-35.24

-39.35

-39.35

-39.35

-37.15

-36.95

-39.35

-39.35

-35.95

-38.15

-39.75

-34.91

-36.14

-39.35

-39.35

-38.55

-39.35

-35.15

-39.25

-34.91

-37.05

-29.74

-34.91

-39.35

-37.05

-37.05

-34.45

-39.35

-39.35

-39.35

-38.55

-36.55

-38.15

-33.00

-39.35

-39.35

-37.70

-39.35

-38.15

-37.05

-36.75

-36.14

-32.75

-38.55

-33.01

-39.35

-39.35

-36.14

-39.35

-33.25

-39.35

-38.35

-39.35

-39.35

-34.35

-31.50

-37.85

-39.35

-33.15

-38.55

-39.35

-39.35

-33.75

-39.35

-39.35

-37.05

-39.35

-39.35

-40.15

-34.75

-39.35

-39.35

-40.15

-39.35

-37.05

-40.15

-37.05

-39.35

-37.05

-34.45

-39.35

-35.55

-39.35

-36.75

-39.35

-39.35

-39.35

-36.14

-37.05

-32.31

-34.05

-39.35

-38.35

-39.35

-38.55

-32.85

-39.35

-33.55

-37.05

-39.35

-34.90

-38.35

-36.75

-35.15

-34.75

-37.15

-39.35

-34.91

-39.35

-34.45

-35.15

-37.05

-39.35

-39.35

-37.85

-34.45

-37.05

-38.55

-39.75

-39.35

-36.95

-39.35

-38.55

-36.45

-39.35

-32.04

-36.14

-34.45

-39.35

-34.91

-39.35

-35.15

-39.35

-37.85

-38.15

-40.15

-32.55

-39.35

-34.65

-35.15

-39.35

-37.85

-40.15

-36.55

-34.45

-37.05

-36.75

-39.35

-39.35

-39.35

-32.85

-39.35

-38.35

-33.30

-39.35

-31.45

-39.35

-39.35

-39.35

-38.35

-33.30

-37.05

-33.75

-35.15

-32.95

-39.35

-38.15

-39.35

-39.35

-39.35

-32.15

-34.05

-39.35

-38.15

-39.35

-39.35

-37.25

-39.35

-38.55

-39.35

-39.35

-34.55

-39.35

-39.35

-37.85

-39.35

-35.31

-35.55

-33.55

-37.05

-32.25

-39.35

-38.35

-38.25

-39.35

-40.25

-31.35

-39.35

-37.85

-33.25

-39.35

-37.05

-39.35

-36.14

-33.25

-32.85

-39.35

-39.35

-36.15

-39.35

-39.35

-37.05

-39.35

-39.15

-32.05

-39.35

-33.25

-38.35

-36.95

-39.35

-39.35

-37.45

-38.15

-39.35

-35.55

-30.75

-36.95

-39.35

-36.14

-34.55

-35.95

-30.45

-39.35

-39.35

-36.14

-33.55

-38.35

-39.35

-38.95

-36.75

-40.15

-38.35

-39.35

-37.05

-32.45

-35.95

-39.35

-33.25

-34.45

-38.55

-39.35

-39.35

-37.25

-39.35

-38.55

-39.35

-37.70

-38.15

-38.55

-37.05

-28.85

-39.35

-39.35

-39.35

-36.95

-34.91

-33.46

-40.15

-30.75

-39.35

-39.35

-39.35

-39.75

-39.35

-37.85

-38.55

-37.45

-31.95

-36.75

-38.15

-39.35

-37.05

-37.05

-38.35

-39.35

-39.35

-38.55

-39.35

-39.35

-39.35

-39.35

-37.05

-39.35

-31.15

-37.05

-36.14

-36.14

-39.35

-39.35

-37.05

-36.95

-39.35

-39.35

-38.35

-38.35

-39.35

-32.80

-30.70

-35.34

-38.55

-35.25

-38.55

-34.45

-35.00

-39.35

-33.25

-39.35

-37.85

-34.11

-37.05

-39.35

-39.35

-36.95

-33.55

-32.05

-39.35

-33.55

-39.35

-31.45

-28.55

-37.25

-40.25

-39.35

-37.85

-36.55

-38.55

-39.35

-37.05

-38.35

-36.65

-38.35

-36.45

-35.95

-36.75

-37.85

-39.35

-39.35

-39.35

-33.45

-31.45

-39.35

-38.35

-39.35

-39.35

-37.85

-39.35

-38.55

-39.35

-39.35

-38.55

-37.85

-39.35

-39.35

-39.35

-34.45

-39.35

-38.35

-35.95

-39.35

-40.15

-30.65

-39.35

-34.55

-34.85

-39.35

-39.35

-39.75

-39.35

-39.35

-39.35

-39.35

-39.35

-35.71

-37.05

-39.35

-30.95

-38.35

-39.75

-39.35

-39.35

-39.35

-39.35

-35.55

-33.25

-33.84

-37.85

-35.15

-36.95

-39.35

-36.55

-35.95

-39.35

-37.85

-35.15

-34.94

-39.35

-38.55

-39.95

-39.35

-37.05

-37.85

-37.05

-39.35

-35.95

-35.55

-38.15

-39.35

-35.55

-36.45

-39.35

-39.35

-34.45

-40.05

-34.95

-37.75

-38.15

-37.05

-39.35

-39.35

-39.75

-34.91

-39.35

-39.35

-39.35

-37.85

-38.15

-39.35

-39.35

-39.35

-33.91

-36.35

-37.85

-39.35

-38.15

-39.35

-39.05

-34.91

-38.55

-39.35

-38.55

-38.55

-34.15

-34.45

-36.14

-37.05

-39.35

-39.35

-37.75

-39.35

-39.35

-39.35

-39.35

-39.35

-34.24

-37.85

-36.55

-35.55

-36.75

-34.95

-35.15

-37.45

-34.75

-39.35

-39.35

-39.35

-39.35

-36.25

-39.75

-38.55

-39.85

-38.55

-32.95

-37.85

-39.35

-38.55

-34.65

-39.35

-39.35

-39.35

-31.84

-36.55

-39.35

-39.35

-33.55

-39.35

-37.05

-38.55

-40.15

-37.95

-39.35

-39.35

-32.75

-32.15

-37.85

-36.55

-39.35

-39.35

-34.65

-39.35

-37.05

-40.15

-38.15

-39.35

-39.35

-36.95

-34.45

-38.15

-34.91

-38.55

-39.35

-39.35

-39.35

-39.35

-33.65

-39.35

-33.41

-34.55

-39.35

-39.35

-39.35

-34.35

-39.35

-39.75

-37.05

-34.91

-39.35

-39.35

-39.35

-39.35

-36.55

-35.15

-34.15

-38.15

-38.15

-37.55

-33.65

-35.15

-37.05

-39.35

-35.55

-37.05

-39.35

-39.35

-39.35

-38.65

-39.35

-35.75

-39.35

-39.35

-34.45

-39.35

-33.55

-39.35

-39.35

-33.65

-37.85

-37.35

-39.35

-39.35

-36.15

-39.95

-34.91

-34.24

-39.35

-39.35

-39.35

-39.35

-40.15

-35.95

-39.35

-38.80

-40.25

-39.35

-36.95

-36.95

-38.55

-37.65

-38.35

-39.35

-39.35

-37.85

-37.25

-39.35

-38.15

-39.35

-36.75

-30.95

-39.35

-38.55

-39.35

-39.35

-39.35

-32.65

-39.35

-39.35

-34.91

-35.35

-37.05

-38.15

-38.15

-37.25

-39.35

-39.35

-32.61

-37.05

-39.35

-37.85

-39.35

-39.35

-39.35

-39.35

-32.15

-39.35

-39.35

-38.25

-37.24

-33.05

-39.35

-40.15

-35.65

-39.35

-39.35

-38.55

-39.35

-39.35

-37.05

-39.35

-36.75

-34.55

-39.35

-37.15

-39.35

-39.35

-39.35

-32.65

-35.15

-40.15

-39.35

-36.55

-39.35

-39.35

-37.85

-37.15

-39.35

-37.85

-37.05

-39.35

-39.35

-38.35

-39.35

-35.55

-36.25

-39.35

-36.55

-32.15

-37.85

-37.85

-39.35

-38.25

-35.55

-33.84

-39.35

-36.14

-37.85

-39.35

-39.35

-37.85

-37.25

-39.35

-35.75

-39.35

-39.35

-39.35

-38.35

-39.35

-37.85

-36.95

-36.14

-38.55

-34.45

-39.35

-39.35

-39.35

-38.35

-39.35

-33.95

-31.74

-35.15

-35.95

-32.15

-36.20

-36.45

-39.35

-37.05

-39.35

-38.15

-37.05

-39.35

-34.81

-36.14

-34.45

-37.85

-34.45

-39.35

-39.35

-39.35

-36.75

-39.35

-39.35

-39.35

-39.35

-36.14

-34.91

-39.35

-37.05

-40.15

-34.45

-39.35

-39.75

-39.35

-39.75

-37.85

-39.35

-38.55

-39.35

-39.35

-39.35

-39.35

-34.35

-33.55

-37.05

-37.15

-34.94

-39.35

-39.35

-39.35

-36.45

-39.35

-36.45

-38.55

-39.35

-39.35

-39.35

-39.35

-39.35

-39.35

-39.35

-39.35

-39.35

-39.35

-39.35

-39.35

-39.75

-39.35

-38.15

-34.04

-32.55

-38.65

-35.15

-37.05

-39.35

-39.35

-40.15

-36.75

-34.45

-39.35

-39.35

-31.25

-38.15

-37.35

-33.25

-39.35

-39.35

-39.35

-39.35

-37.05

-39.35

-34.24

-39.35

-34.45

-39.75

-38.95

-39.75

-39.35

-37.25

-39.35

-39.35

-38.25

-39.35

-34.45

-38.35

-32.85

-39.35

-35.75

-34.81

-37.05

-37.25

-36.14

-33.25

-39.35

-35.15

-36.15

-39.35

-38.35

-39.35

-36.45

-38.65

-39.35

-39.35

-39.35

-39.35

-39.35

-39.35

-34.45

-39.35

-39.35

-39.35

-37.85

-39.75

-39.35

-39.35

-39.35

-39.35

-39.75

-39.35

-39.35

-38.55

-37.65

-36.05

-40.15

-32.24

-39.35

-35.55

-39.35

-39.35

-36.95

-40.15

-39.35

-39.35

-39.35

-35.55

-35.95

-39.35

-39.35

-38.15

-39.35

-39.35

-38.55

-33.45

-38.55

-39.35

-38.55

-37.25

-33.25

-39.35

-32.95

-39.35

-36.55

-39.35

-38.55

-33.25

-34.75

-39.35

-37.15

-39.35

-38.55

-39.35

-34.01

-40.15

-35.65

-39.35

-39.35

-38.55

-37.85

-39.35

-39.35

-38.65

-34.65

-34.91

-36.95

-34.81

-39.35

-39.35

-37.05

-34.91

-39.35

-39.35

-38.55

-39.35

-39.35

-37.85

-34.75

-39.35

-37.75

-39.35

-39.35

-39.35

-39.35

-40.95

-40.25

-34.91

-38.95

-36.75

-39.75

-36.95

-32.90

-39.35

-39.35

-37.85

-37.85

-37.05

-32.15

-39.35

-39.35

-40.25

-39.35

-39.35

-39.35

-39.35

-39.35

-39.35

-39.35

-35.25

-39.35

-39.35

-35.95

-36.65

-39.75

-40.15

-36.14

-38.35

-39.35

-38.55

-39.35

-29.75

-33.81

-36.14

-39.35

-34.35

-39.35

-37.05

-39.35

-38.65

-33.25

-35.85

-35.75

-36.75

-37.05

-37.85

-32.55

-39.35

-35.75

-39.35

-39.35

-36.75

-39.35

-39.35

-39.35

-38.55

-39.35

-39.35

-28.25

-39.35

-39.35

-39.35

-39.35

-38.55

-34.45

-39.35

-39.35

-39.35

-38.55

-35.95

-39.35

-39.35

-39.35

-39.35

-39.35

-37.85

-37.65

-34.04

-39.35

-39.35

-35.55

-39.35

-33.25

-38.25

-39.35

-39.35

-38.55

-39.35

-30.95

-36.14

-39.35

-39.35

-39.35

-35.15

-36.05

-39.35

-39.35

-34.45

-38.15

-39.35

-39.35

-39.35

-39.35

-39.35

-34.45

-39.35

-39.75

-39.35

-35.55

-35.25

-39.35

-39.35

-33.25

-36.95

-31.15

-34.45

-39.35

-39.35

-36.14

-40.15

-38.55

-39.35

-39.35

-39.35

-37.95

-39.35

-36.95

-39.35

-36.95

-36.75

-36.65

-37.05

-39.35

-39.35

-33.55

-39.35

-36.75

-33.45

-37.05

-39.35

-39.35

-35.15

-39.35

-38.55

-33.81

-39.35

-40.15

-31.55

-39.35

-36.95

-38.15

-37.05

-36.25

-39.35

-31.95

-37.75

-36.14

-39.35

-37.05

-38.55

-40.25

-39.35

-37.85

-39.35

-39.35

-36.95

-31.95

-39.35

-39.35

-39.35

-37.85

-34.45

-36.14

-35.15

-39.35

-37.05

-36.75

-38.55

-36.55

-36.55

-39.35

-39.35

-38.55

-39.35

-39.35

-37.05

-39.35

-38.55

-39.35

-34.91

-39.35

-37.05

-38.55

-37.85

-37.45

-33.25

-40.25

-39.35

-39.35

-34.75

-39.35

-37.05

-39.35

-37.15

-39.35

-39.35

-36.75

-38.55

-38.75

-34.15

-39.35

-33.25

-36.95

-36.95

-38.55

-39.35

-39.35

-36.95

-35.95

-34.95

-34.45

-39.35

-39.35

-36.75

-38.55

-38.35

-39.35

-36.95

-39.35

-39.35

-38.55

-35.31

-39.35

-38.35

-37.85

-37.70

-39.35

-34.75

-39.35

-32.80

-39.35

-34.45

-35.34

-39.35

-39.35

-39.35

-38.55

-36.95

-39.35

-38.55

-39.35

-37.85

-38.55

-39.35

-33.25

-39.35

-39.35

-38.55

-39.35

-35.34

-37.85

-39.35

-39.35

-39.35

-39.35

-33.65

-32.15

-39.35

-39.35

-38.15

-33.40

-35.04

-37.35

-33.05

-37.85

-39.35

-33.15

-32.61

-39.35

-38.15

-39.35

-39.35

-34.45

-39.35

-39.35

-38.95

-39.35

-39.35

-35.95

-39.35

-34.15

-33.25

-39.35

-34.45

-38.55

-37.25

-38.15

-39.35

-39.35

-34.45

-39.35

-39.35

-39.35

-40.15

-33.25

-39.35

-39.35

-27.10

-35.65

-39.35

-36.45

-34.45

-34.45

-39.35

-39.35

-39.35

-39.35

-39.35

-39.35

-35.24

-39.35

-33.25

-37.85

-30.15

-39.35

-37.05

-37.05

-33.55

-35.55

-39.35

-39.35

-39.35

-34.95

-35.55

-39.35

-36.14

-39.35

-38.55

-37.35

-39.35

-39.35

-40.55

-39.35

-37.05

-39.35

-31.95

-39.35

-37.85

-39.35

-34.65

-37.25

-39.35

-39.35

-38.55

-39.35

-37.05

-36.85

-36.35

-39.35

-36.55

-32.51

-37.85

-37.25

-36.15

-33.65

-32.45

-39.35

-38.55

-32.60

-39.35

-35.15

-37.05

-39.35

-37.85

-39.35

-39.35

-35.85

-37.80

-39.35

-38.55

-38.15

-39.35

-37.55

-36.75

-39.35

-33.45

-31.25

-37.25

-39.35

-39.35

-39.35

-39.35

-32.35

-39.35

-39.35

-33.75

-38.55

-34.45

-35.34

-39.35

-36.55

-33.45

-38.55

-35.35

-35.15

-38.35

-39.35

-38.35

-39.35

-39.35

-33.75

-39.35

-38.55

-39.35

-36.75

-38.55

-40.15

-37.35

-39.35

-37.05

-35.85

-39.35

-40.15

-30.75

-38.55

-39.35

-37.85

-36.14

-34.05

-39.35

-39.35

-37.85

-39.35

-39.35

-39.35

-34.65

-29.95

-34.91

-32.25

-39.35

-39.35

-37.65

-39.35

-38.55

-38.55

-36.95

-36.05

-39.35

-38.15

-33.55

-34.45

-39.35

-39.35

-39.35

-39.35

-39.35

-34.35

-35.15

-39.35

-37.05

-38.55

-36.14

-39.35

-37.05

-38.55

-34.65

-36.14

-39.35

-39.35

-40.15

-39.75

-39.35

-38.15

-39.35

-35.71

-36.95

-37.55

-39.35

-35.55

-37.85

-37.05

-34.91

-39.35

-40.25

-39.35

-39.35

-38.55

-39.35

-39.35

-37.85

-39.35

-39.35

-38.15

-37.05

-33.85

-39.35

-39.35

-39.35

-39.35

-39.35

-33.00

-37.05

-39.35

-36.95

-36.75

-36.14

-39.35

-37.85

-39.35

-37.05

-39.35

-36.14

-39.35

-39.35

-39.35

-35.15

-38.55

-37.25

-30.15

-39.35

-39.35

-36.95

-39.35

-37.85

-39.65

-38.55

-38.55

-38.65

-33.91

-36.95

-34.91

-36.25

-39.35

-36.95

-39.35

-39.35

-39.35

-34.25

-36.75

-39.35

-39.35

-37.15

-39.35

-37.15

-39.35

-30.45

-35.55

-39.35

-34.65

-33.25

-39.35

-32.35

-39.35

-38.35

-33.45

-39.35

-39.35

-38.55

-38.95

-39.35

-39.35

-39.35

-32.95

-39.35

-34.75

-39.35

-39.35

-38.15

-39.35

-39.35

-39.35

-39.35

-39.35

-39.35

-34.95

-35.25

-39.35

-39.35

-34.64

-34.25

-37.35

-38.55

-39.35

-39.35

-39.35

-39.35

-33.84

-38.55

-39.35

-39.75

-39.35

-39.35

-39.35

-37.85

-39.35

-39.35

-39.35

-36.14

-39.35

-36.85

-28.55

-36.75

-39.35

-39.75

-36.75

-37.25

-37.25

-39.35

-39.35

-38.55

-39.35

-36.95

-37.05

-35.45

-39.35

-36.75

-39.35

-36.55

-39.35

-39.35

-36.95

-39.35

-39.35

-39.35

-39.35

-34.85

-39.35

-38.15

-35.25

-39.35

-38.55

-38.55

-33.55

-32.05

-33.25

-39.35

-39.35

-35.61

-39.35

-39.35

-30.54

-37.05

-38.55

-39.35

-39.35

-39.35

-31.05

-39.35

-37.24

-39.35

-39.75

-32.70

-37.35

-38.15

-39.35

-39.35

-38.35

-38.55

-39.35

-38.55

-32.55

-32.51

-40.15

-33.25

-40.15

-39.35

-39.35

-37.85

-33.25

-40.25

-39.35

-39.35

-37.15

-36.55

-36.95

-36.15

-39.35

-35.55

-33.55

-38.55

-37.05

-39.35

-32.15

-31.35

-37.05

-34.45

-35.95

-39.35

-39.35

-36.14

-34.45

-39.35

-37.85

-39.35

-38.55

-37.05

-39.35

-38.95

-35.15

-39.35

-36.25

-33.55

-39.35

-37.35

-35.55

-39.35

-39.35

-37.05

-36.55

-34.05

-37.05

-39.35

-39.35

-39.35

-39.35

-39.35

-32.61

-37.85

-34.91

-39.35

-36.75

-37.05

-37.65

-35.61

-38.55

-39.35

-39.35

-34.85

-34.91

-35.41

-39.35

-34.31

-34.91

-37.05

-36.75

-39.35

-38.55

-39.35

-39.35

-33.15

-40.15

-38.55

-33.41

-39.35

-39.35

-36.75

-37.05

-39.35

-39.35

-39.75

-37.75

-39.35

-36.14

-39.35

-38.55

-39.35

-38.55

-37.24

-35.45

-38.35

-39.35

-38.15

-37.25

-36.75

-37.05

-39.35

-36.14

-39.35

-36.65

-38.55

-38.55

-39.35

-37.15

-39.35

-35.71

-35.95

-39.35

-39.35

-39.35

-39.35

-39.35

-37.85

-39.35

-34.35

-38.15

-39.35

-38.35

-38.55

-39.35

-37.05

-35.55

-36.25

-37.05

-34.45

-36.95

-36.55

-39.35

-39.35

-35.65

-38.95

-33.25

-39.35

-34.91

-38.55

-33.25

-39.35

-40.15

-39.35

-38.55

-38.55

-38.55

-39.35

-39.35

-36.75

-36.14

-39.35

-39.35

-39.35

-34.75

-34.75

-34.35

-36.54

-39.35

-31.25

-36.14

-39.35

-39.35

-36.75

-38.55

-39.35

-38.55

-36.14

-39.35

-35.55

-39.35

-36.14

-35.95

-33.25

-39.35

-39.35

-39.35

-40.15

-39.35

-37.85

-35.95

-37.05

-38.95

-35.55

-39.35

-38.15

-39.35

-36.75

-39.35

-39.35

-39.35

-39.35

-37.25

-39.35

-37.05

-39.35

-39.35

-39.35

-39.35

-37.25

-39.35

-39.35

-39.35

-39.35

-33.75

-39.35

-33.55

-34.91

-36.55

-39.75

-37.35

-39.35

-37.85

-37.85

-38.55

-39.35

-34.75

-39.35

-31.80

-39.35

-36.14

-38.15

-39.35

-36.95

-35.95

-37.05

-39.35

-34.45

-39.35

-31.05

-34.15

-39.35

-39.35

-32.75

-39.35

-35.75

-36.95

-39.35

-39.35

-38.55

-36.95

-39.75

-37.35

-39.35

-37.05

-39.35

-38.35

-39.35

-39.35

-35.15

-34.45

-39.35

-36.75

-34.91

-37.15

-38.55

-33.25

-39.35

-39.25

-39.35

-39.75

-39.35

-39.35

-39.35

-33.45

-37.05

-39.35

-39.35

-38.55

-38.55

-39.35

-33.55

-35.15

-37.05

-39.35

-39.35

-35.95

-39.35

-39.35

-38.35

-39.35

-33.71

-32.05

-33.55

-39.35

-37.85

-37.85

-39.35

-39.35

-37.05

-39.35

-38.55

-37.85

-40.15

-39.35

-36.94

-38.15

-37.85

-38.55

-38.55

-37.05

-32.15

-37.15

-37.05

-34.65

-35.34

-35.34

-39.35

-31.95

-39.35

-37.05

-36.14

-39.35

-39.35

-39.35

-38.55

-39.35

-39.35

-30.05

-38.55

-37.85

-37.85

-37.05

-39.35

-39.35

-34.95

-37.05

-39.75

-37.05

-39.35

-39.35

-39.35

-35.95

-36.75

-38.55

-39.35

-38.35

-34.45

-39.35

-36.14

-39.75

-34.35

-35.21

-39.35

-37.05

-35.34

-34.91

-37.25

-39.35

-39.35

-34.45

-30.95

-35.15

-40.15

-39.35

-37.05

-37.05

-35.65

-33.41

-37.05

-33.65

-34.95

-39.35

-38.55

-35.75

-39.35

-39.35

-39.35

-33.95

-36.14

-31.35

-39.35

-36.75

-39.35

-34.45

-36.15

-39.35

-31.24

-39.35

-39.45

-37.05

-37.05

-33.25

-33.84

-36.75

-32.75

-39.35

-39.25

-39.75

-38.55

-37.05

-35.55

-37.05

-37.05

-39.35

-34.04

-36.95

-32.61

-39.35

-36.75

-35.15

-34.45

-39.35

-39.35

-37.85

-36.95

-37.35

-39.35

-39.35

-39.35

-39.35

-36.95

-39.35

-39.35

-37.85

-37.15

-39.35

-39.35

-35.55

-37.25

-36.14

-38.55

-39.35

-39.35

-39.35

-39.15

-40.25

-37.85

-32.51
